created_at: 2026-07-01T00:26:02.72952637Z
updated_at: 2026-07-01T00:26:02.72952637Z
tags: []
importance: 50
